102 32
5073
568
10833
30068
16972
968
19246
36333
5077
36938
12755
22132
50653
37319
34895
18595
41819
35215
10183
9727
62898
41968
53792
35588
62309
22867
11044
38890
47465
51915
26780
6240
21173
15018
22577
40012
12481
49217
59248
28332
19943
30296
49415
57672
49984
26676
46244
46360
50144
45804
57499
24020
11274
18803
46262
15829
34041
7378
34497
21744
787
21355
1274
20048
28545
51235
60493
452
46286
13331
2892
20176
60197
42986
34722
2838
13716
48942
29545
64223
11226
47805
56791
60421
47745
41723
46551
56843
57836
8153
7358
6903
22194
24910
50063
32972
32594
24800
23861
3418
40424
8888
